Significant features for X_129 with false discovery rate 0.05:
[1, 2, 3, 4, 5, 6, 7, 8, 9, 10, 11, 12, 13, 15, 16, 17, 18, 19, 20, 21, 22, 23, 26, 27, 28, 29, 31, 32, 34, 35, 36, 37, 38, 39, 40, 41, 42, 43, 44, 45, 46, 48, 49, 50, 51, 52, 53, 54, 55, 56, 57, 58, 59, 60, 61, 62, 64, 65, 66, 67, 68, 69, 70, 71, 72, 73, 74, 75, 77, 78, 80, 81, 82, 83, 84, 85, 86, 87, 88, 89, 90, 91, 92, 93, 94, 95, 96, 97, 98, 99, 100, 101, 102, 103, 105, 106, 107, 108, 109, 110, 111, 112, 113, 114, 115, 116, 117, 119, 120, 122, 123, 124, 125, 126, 127]

Non-significant features for X_129 with false discovery rate 0.05:
[14, 24, 25, 30, 33, 47, 63, 76, 79, 104, 118, 121, 128]

Significant features for X_130 with false discovery rate 0.05:
[1, 2, 3, 4, 5, 7, 8, 9, 10, 11, 14, 15, 16, 17, 18, 19, 21, 22, 24, 25, 26, 27, 29, 30, 31, 32, 33, 35, 36, 37, 38, 40, 41, 43, 45, 46, 48, 50, 52, 53, 54, 56, 57, 58, 60, 62, 64, 65, 68, 69, 70, 71, 72, 73, 74, 75, 76, 78, 79, 80, 81, 83, 84, 85, 86, 87, 88, 89, 90, 92, 95, 96, 97, 98, 99, 100, 102, 103, 105, 106, 107, 108, 109, 110, 111, 112, 113, 114, 115, 116, 117, 118, 120, 121, 123, 124, 125, 126, 127]

Non-significant features for X_129 with false discovery rate 0.05:
[6, 12, 13, 20, 23, 28, 34, 39, 42, 44, 47, 49, 51, 55, 59, 61, 63, 66, 67, 77, 82, 91, 93, 94, 101, 104, 119, 122, 128]
